173961783,
173961982,
173962620,
173962696,
173962861,
173973566,
173973623,
173975080,
173976508,
173977140,
173977448,
173977761,
173979868,
173981161,
173981588,
174004739,
174005131,
174005405,
174007224,
174007298,
174007518,
174007820,
174007840,
174008254,
174009259,
174009276,
174009545,
174013467,
174014397,
174014552,
174017761,
174018380,
174018939,
174018978,
174019776,
174019830,
174019960,
174020050,
174020131,
174023594,
174023608,
174023634,
174023648,
174023676,
174027284,
174049334,
174049392,
174050485,
174050532,
174050950,
174092591,
174092617,
174092873,
174094220,
174095959,
174097391,
174097442,
174098177,
174098320,
174098377,
174098507,
174098534,
174099716,
174099863,
174100745,
174105405,
174105568,
174105831,
174105886,
174106022,
174106112,
174108055,
174108306,
174132207,
174133025,
174133561,
174133574,
174134568,
174137231,
174137312,
174137499,
174137534,
174144491,
174147000,
174147417,
174147765,
174148292,
174148371,
174149730,
174149758,
174150151,
174151092,
174151298,
174151783,
174153709,
174153816,
174154037,
174154068,
174154873,
174156457,
174157814,
174157907,
174177369,
174177463,
174178034,
174179613,
174180600,
174181551,
174182942,
174182989,
174183075,
174183736,
174183814,
174183837,
174184122,
174184474,
174184500,
174184871,
174185402,
174185668,
174187422,
174187438,
174189306,
174189525,
174189868,
174189894,
174190481,
174190561,
174191705,
174191804,
174192265,
174192453,
174192521,
174192551,
174192801,
174193053,
174193217,
174193240,
174193612,
174194006,
174194412,
174194649,
174194696,
174195008,
174195431,
174195874,
174196634,
174196670,
174197141,
174197469,
174198417,
174198855,
174199969,
174200083,
174200362,
174200501,
174200549,
174200678,
174201568,
174202321,
174202707,
174202970,
174203274,
174203941,
174203984,
174224781,
174224959,
174225112,
174225144,
174225425,
174225473,
174225662,
174225693,
174226175,
174226886,
174226906,
174227700,
174228897,
174229007,
174229159,
174230645,
174236196,
174236373,
174236519,
174236693,
174241625,
174241929,
174242639,
174242720,
174242774,
174242804,
174242878,
174242925,
174243016,
174243183,
174244015,
174245549,
174246115,
174246274,
174246821,
174246838,
174247417,
174247753,
174247827,
174249646,
174249682,
174249703,
174250033,
174250314,
174250412,
174250497,
174250594,
174250880,
174251171,
174251395,
174251785,
174255182,
174269946,
174270556,
174270598,
174270615,
174271138,
174271733,
174271860,
174272378,
174272462,
174279512,
174280242,
174280309,
174281608,
174281765,
174283518,
174283917,
174284051,
174285573,
174285706,
174286366,
174287689,
174288174,
174288187,
174289336,
174290604,
174291201,
174291244,
174292005,
174292246,
174293366,
174293402,
174293418,
174293459,
174293858,
174294446,
174294619,
174294826,
174295737,
174295913,
174296267,
174296744,
174296767,
174297062,
174297507,
174298701,
174298973,
174302201,
174302307,
174303230,
174303420,
174304138,
174318157,
174318208,
174318271,
174318355,
174318387,
174319233,
174319403,
174319593,
174319769,
174320819,
174321289,
174321807,
174322585,
174322774,
174322803,
174323353,
174323463,
174323646,
174323657,
174324907,
174325248,
174325567,
174325838,
174325964,
174326080,
174326258,
174327139,
174327619,
174329145,
174329159,
174329443,
174329719,
174329843,
174330240,
174330394,
174335020,
174335313,
174335513,
174335695,
174336075,
174336089,
174336248,
174336501,
174337264,
174337344,
174337856,
174338031,
174338331,
174362353,
174362368,
174362544,
174362771,
174362784,
174363156,
174363275,
174363401,
174363518,
174363754,
174363772,
174363979,
174365066,
174365457,
174365692,
174366319,
174367016,
174367056,
174367280,
174367756,
174367949,
174368347,
174368366,
174368688,
174368932,
174369138,
174369420,
174369432,
174369614,
174369849,
174370178,
174370450,
174371045,
174371075,
174373226,
174373420,
174373593,
174374092,
174374580,
174375111,
174375775,
174375952,
174376245,
174376613,
174377202,
174377566,
174377586,
174377972,
174377991,
174378093,
174379129,
174379581,
174380705,
174389227,
174389233,
174390052,
174390262,
174390486,
174390710,
174391441,
174405488,
174405652,
174405671,
174405788,
174406064,
174406248,
174406277,
174407552,
174407898,
174408073,
174408079,
174408249,
174408425,
174409190,
174409296,
174409424,
174409922,
174409928,
174410353,
174410921,
174410989,
174411225,
174411263,
174411671,
174411948,
174413910,
174414299,
174414357,
174414697,
174414774,
174415513,
174418129,
174419390,
174419468,
174419570,
174419789,
174420175,
174420355,
174420480,
174420605,
174420758,
174420844,
174420927,
174420997,
174421122,
174421252,
174421464,
174421515,
174421609,
174421669,
174421820,
174421922,
174445231,
174446012,
174446086,
174446118,
174446131,
174446136,
174446139,
174446227,
174446286,
174446369,
174446426,
174446558,
174446571,
174446598,
174446631,
174446671,
174446736,
174446900,
174446930,
174447161,
174447352,
174447783,
174447842,
174447858,
174447894,
174447898,
174447945,
174447965,
174448034,
174448056,
174448080,
174448129,
174448150,
174448175,
174448199,
174448225,
174448247,
174448262,
174448272,
174448304,
174448322,
174448421,
174448430,
174448438,
174448471,
174448539,
174448551,
174448565,
174448591,
174448605,
174448628,
174448665,
174448679,
174448699,
174448722,
174448739,
174448752,
174448771,
174448792,
174448812,
174448839,
174448856,
174448875,
174448896,
174448906,
174448938,
174448953,
174448978,
174448996,
174449010,
174449018,
174449030,
174449051,
174449059,
174449078,
174449098,
174449136,
174449146,
174449201,
174449219,
174449243,
174449263,
174449355,
174449378,
174449401,
174449435,
174449458,
174449479,
174449492,
174449552,
174449571,
174449588,
174449621,
174449632,
174449645,
174449660,
174449678,
174449693,
174449717,
174449777,
174449786,
174449809,
174449837,
174449851,
174449869,
174449886,
174449930,
174449944,
174449966,
174449977,
174449989,
174450004,
174450031,
174450048,
174450068,
174450096,
174450121,
174450152,
174450175,
174450187,
174450200,
174450212,
174450234,
174450304,
174450339,
174450631,
174451134,
174451148,
174451177,
174451202,
174451217,
174451236,
174451260,
174451297,
174451323,
174451385,
174451438,
174451528,
174451566,
174451653,
174451670,
174451702,
174452273,
174452660,
174452896,
174452987,
174453128,
174453204,
174453835,
174454049,
174454309,
174454322,
174454628,
174454766,
174454902,
174455029,
174455160,
174455265,
174455461,
174455568,
174455885,
174456003,
174456280,
174456643,
174456899,
174457245,
174457538,
174457714,
174457835,
174457984,
174458237,
174458368,
174458908,
174459032,
174459044,
174459507,
174459792,
174460082,
174460657,
174460931,
174460947,
174461000,
174461057,
174461283,
174461556,
174461967,
174462820,
174463286,
174463434,
174463579,
174463835,
174464908,
174465033,
174465390,
174465657,
174466494,
174466699,
174466848,
174466999,
174467175,
174467260,
174467403,
174467638,
174467768,
174467881,
174467884,
174467918,
174468211,
174468517,
174468784,
174469040,
174469047,
174469420,
174470110,
174470534,
174471247,
174471449,
174471504,
174471590,
174471615,
174472507,
174472673,
174472705,
174472829,
174472895,
174472953,
174472995,
174473196,
174473263,
174473544,
174473618,
174494896,
174494913,
174494922,
174494941,
174494953,
174495004,
174495272,
174495406,
174495855,
174495969,
174496025,
174496075,
174496129,
174496162,
174496207,
174496683,
174496719,
174496774,
174496822,
174497020,
174497029,
174497039,
174497055,
174497105,
174497145,
174497389,
174497588,
174497637,
174497830,
174497889,
174497919,
174497992,
174498322,
174498364,
174498620,
174498678,
174499331,
174499342,
174499630,
174500558,
174500979,
174501032,
174501632,
174501686,
174501785,
174501925,
174501962,
174502282,
174502421,
174502491,
174502521,
174502565,
174502594,
174502626,
174502685,
174502713,
174503028,
174503124,
174503184,
174503237,
174503484,
174503629,
174503664,
174503695,
174503726,
174503812,
174503841,
174503889,
174503938,
174504112,
174504168,
174504181,
174504222,
174504257,
174504295,
174504319,
174504433,
174504461,
174504507,
174504720,
174504776,
174507214,
174508911,
174509031,
174509163,
174509287,
174509336,
174509995,
174510385,
174510534,
174511206,
174511388,
174511457,
174511491,
174511591,
174511607,
174512191,
174513920,
174513959,
174513966,
174513990,
174514065,
174514094,
174514157,
174514184,
174514215,
174514234,
174514258,
174514429,
174514534,
174514589,
174514625,
174514669,
174514720,
174514752,
174514818,
174514852,
174514882,
174514952,
174515019,
174515079,
174515110,
174515155,
174515200,
174515232,
174515286,
174515351,
174515379,
174515418,
174515466,
174515521,
174515550,
174515577,
174515612,
174515636,
174515648,
174515670,
174515694,
174515726,
174515779,
174515809,
174515829,
174515858,
174515899,
174515919,
174515952,
174516063,
174516094,
174516121,
174516305,
174516352,
174516399,
174516441,
174516473,
174516497,
174516542,
174516575,
174516599,
174516619,
174516641,
174516671,
174516716,
174516736,
174516766,
174516802,
174516849,
174516882,
174516919,
174516959,
174517004,
174517008,
174517066,
174517117,
174517154,
174517156,
174517183,
174517235,
174517271,
174517299,
174527128,
174527167,
174539852,
174539872,
174539982,
174540011,
174540154,
174540255,
174540288,
174540293,
174540410,
174541440,
174541651,
174541722,
174541831,
174541890,
174542224,
174542276,
174542819,
174543003,
174543150,
174543226,
174543336,
174543392,
174543559,
174543579,
174544139,
174544207,
174544452,
174544593,
174544683,
174544804,
174544927,
174545021,
174545922,
174546275,
174546787,
174548214,
174548462,
174549379,
174549560,
174549761,
174549839,
174550194,
174550498,
174550886,
174551207,
174551406,
174552006,
174552692,
174553101,
174553515,
174553555,
174553970,
174554158,
174554385,
174554926,
174555168,
174555427,
174555504,
174555628,
174555828,
174556535,
174556768,
174556834,
174556869,
174557041,
174557133,
174557207,
174557772,
174557786,
174558050,
174558065,
174558279,
174558346,
174558350,
174560458,
174560571,
174560703,
174560748,
174560784,
174560849,
174560915,
174561441,
174561731,
174561786,
174562381,
174562967,
174563059,
174563505,
174564314,
174564340,
174564408,
174564445,
174564500,
174564557,
174564607,
174564642,
174564708,
174564727,
174564750,
174564791,
174564811,
174564835,
174564856,
174564872,
174564889,
174564913,
174565030,
174565048,
174565126,
174565161,
174565232,
174565267,
174565325,
174565370,
174565387,
174565495,
174565530,
174565570,
174565613,
174565629,
174565662,
174565691,
174565740,
174565758,
174565791,
174565811,
174565837,
174565855,
174565962,
174565993,
174566020,
174566054,
174566084,
174566113,
174566136,
174566189,
174566225,
174566245,
174566262,
174566291,
174566355,
174566396,
174566485,
174566504,
174566525,
174566562,
174566593,
174566621,
174566669,
174566706,
174566772,
174566804,
174566824,
174566846,
174566872,
174566905,
174566971,
174566986,
174567031,
174567064,
174567082,
174567135,
174567192,
174567207,
174567243,
174567278,
174567319,
174567344,
174567360,
174572509,
174586500,
174586519,
174586527,
174586562,
174586601,
174586644,
174586676,
174586703,
174586982,
174587283,
174587319,
174587570,
174587832,
174588371,
174589949,
174590115,
174590153,
174590600,
174590685,
174591866,
174591906,
174591963,
174592017,
174592050,
174592067,
174592088,
174592145,
174592186,
174592265,
174592344,
174592420,
174592504,
174592650,
174592677,
174592775,
174592789,
174592858,
174592886,
174592932,
174592956,
174592997,
174593384,
174593446,
174593447,
174593681,
174593702,
174593780,
174593883,
174593926,
174594115,
174594380,
174594447,
174594618,
174594664,
174594699,
174594720,
174594763,
174594787,
174594819,
174594843,
174594873,
174594898,
174594926,
174594957,
174594984,
174595069,
174595099,
174595131,
174595165,
174595196,
174595278,
174595305,
174595375,
174595436,
174595476,
174595522,
174595672,
174595719,
174595741,
174595792,
174595816,
174595857,
174595912,
174595958,
174595995,
174596029,
174596083,
174596107,
174596130,
174596166,
174596811,
174596836,
174596873,
174596883,
174597118,
174597283,
174597301,
174597366,
174597392,
174597425,
174597464,
174597510,
174597530,
174597548,
174597576,
174597601,
174597710,
174597739,
174597766,
174597781,
174597813,
174597851,
174597870,
174597922,
174597950,
174597995,
174598040,
174598047,
174598067,
174598093,
174598162,
174598190,
174598203,
174598226,
174598259,
174598285,
174598321,
174598350,
174598375,
174598400,
174598429,
174598452,
174598495,
174598531,
174598552,
174598583,
174598629,
174598645,
174598670,
174598691,
174598715,
174598743,
174598800,
174598839,
174598920,
174598960,
174599009,
174599056,
174599094,
174599112,
174599151,
174599198,
174599229,
174599251,
174599282,
174599312,
174599332,
174599357,
174599378,
174599412,
174599466,
174599508,
174599730,
174599741,
174599763,
174599790,
174599815,
174599867,
174599897,
174599932,
174599948,
174599969,
174599996,
174600153,
174600295,
174600326,
174600346,
174600370,
174600403,
174600434,
174600465,
174600557,
174600586,
174600608,
174600646,
174600667,
174600695,
174600724,
174600766,
174600789,
174600807,
174600828,
174600858,
174600889,
174600909,
174600956,
174600987,
174600997,
174601017,
174601045,
174601061,
174601440,
174601478,
174601516,
174601544,
174603226,
174603334,
174603413,
174603471,
174603488,
174603560,
174603600,
174603693,
174604978,
174605023,
174605729,
174605802,
174605890,
174605957,
174605999,
174606120,
174606275,
174606367,
174606378,
174606428,
174606543,
174606672,
174606729,
174606757,
174606771,
174606796,
174606822,
174606833,
174607256,
174607391,
174607438,
174607499,
174607570,
174607793,
174607830,
174607939,
174608016,
174608161,
174608220,
174608671,
174608762,
174608818,
174608841,
174608861,
174608884,
174608904,
174608916,
174608955,
174608985,
174609022,
174609050,
174609071,
174609094,
174609136,
174609168,
174609198,
174609260,
174609290,
174609320,
174609351,
174609379,
174609410,
174609446,
174609470,
174609490,
174609519,
174609562,
174609606,
174609633,
174609766,
174609778,
174609825,
174609848,
174609853,
174609884,
174610019,
174610088,
174610531,
174610536,
174610599,
174617776,
174617846,
174617880,
174617890,
174646373,
174646678,
174646794,
174647418,
174647670,
174647758,
174647949,
174648233,
174654060,
174654999,
174655579,
174655674,
174656084,
174656254,
174656279,
174656297,
174656389,
174657226,
174658284,
174658419,
174658617,
174658631,
174658655,
174658657,
174658672,
174658684,
174658704,
174658801,
174660955,
174660973,
174661003,
174661092,
174661123,
174661159,
174661187,
174661212,
174661256,
174661289,
174668407,
174668447,
174668467,
174668591,
174675706,
174675711,
174675762,
174675777,
174675790,
174675821,
174675884,
174675902,
174675926,
174675937,
174675958,
174675993,
174676007,
174676020,
174676805,
174676819,
174676862,
174677663,
174679244,
174679363,
174679562,
174679577,
174679979,
174679996,
174680846,
174680871,
174681822,
174685416,
174685559,
174685817,
174686197,
174758589,
174759416,
174760238,
174763646,
174766549,
174766778,
174766855,
174768129,
174768186,
174769513,
174769584,
174769749,
174769796,
174769799,
174769863,
174772735,
174775350,
174776376,
174776486,
174776680,
174776732,
174776870,
174776966,
174777060,
174777230,
174777329,
174777597,
174777679,
174777692,
174777710,
174777859,
174778126,
174779117,
174779379,
174779392,
174779411,
174779486,
174779538,
174780522,
174780737,
174802963,
174802979,
174803022,
174803071,
174803086,
174803098,
174803120,
174803126,
174803161,
174804699,
174804817,
174804832,
174804875,
174804914,
174806120,
174806212,
174806268,
174806446,
174808361,
174808386,
174810739,
174810817,
174810948,
174810995,
174811034,
174811076,
174811108,
174812259,
174812353,
174812625,
174812670,
174812713,
174812749,
174812783,
174812820,
174812863,
174813424,
174813494,
174813524,
174813574,
174813650,
174813740,
174819292,
174819321,
174819340,
174819447,
174819813,
174819842,
174819867,
174819923,
174820438,
174820571,
174820609,
174820975,
174821099,
174821408,
174821508,
174823952,
174844518,
174844696,
174846096,
174847088,
174847512,
174848026,
174851031,
174851077,
174851261,
174859908,
174860470,
174860488,
174860502,
174860525,
174860550,
174860560,
174860575,
174860594,
174860616,
174860629,
174860640,
174860652,
174860678,
174860702,
174860716,
174861238,
174861316,
174861347,
174861632,
174862495,
174862669,
174862750,
174863058,
174863212,
174901773,
174902044,
174903157,
174907056,
174907114,
174907135,
174907174,
174907193,
174907494,
174907580,
174907668,
174907685,
174907695,
174907715,
174907733,
174907771,
174908101,
174908128,
174912930,
174913383,
174913412,
174913903,
174914204,
174914219,
174941197,
174941290,
174941354,
174941397,
174941450,
174941531,
174941595,
174941615,
174942098,
174942285,
174942437,
174942567,
174943040,
174943414,
174944518,
174944659,
174945330,
174945434,
174945476,
174945579,
174945737,
174945750,
174945771,
174950332,
174950458,
174950660,
174950699,
174950949,
174951933,
174952091,
174952232,
174952267,
174952485,
174952498,
174953353,
174953651,
174982189,
174982198,
174982247,
174982251,
174982285,
174982331,
174982388,
174982417,
174982456,
174982480,
174982561,
174982644,
174983006,
174983089,
174983153,
174983282,
174983546,
174983742,
174983788,
174985634,
174986156,
174986169,
174990145,
174990181,
174990205,
174990258,
174990278,
174990322,
174990328,
174990348,
174990375,
174990395,
174990428,
174990470,
174990488,
174990550,
174990577,
174990654,
174990681,
174990807,
174990852,
174990887,
174990913,
174991023,
174991045,
174991069,
174991094,
174991859,
174991989,
174992029,
174992095,
174992327,
174992403,
174992465,
174993762,
174993802,
174994867,
175000507,
175000680,
175030868,
175067962,
175068083,
175068086,
175068165,
175068270,
175068315,
175068418,
175069361,
175069378,
175070189,
175070316,
175071774,
175072314,
175072341,
175072408,
175072443,
175072468,
175072515,
175072689,
175073147,
175073174,
175073208,
175073219,
175073247,
175073295,
175073322,
175073343,
175073410,
175073439,
175073479,
175073506,
175073552,
175073608,
175073747,
175073777,
175073820,
175075885,
175076081,
175076284,
175076311,
175076337,
175076350,
175097262,
175097503,
175098126,
175098196,
175098207,
175098289,
175098295,
175098300,
175098329,
175098378,
175098424,
175098458,
175098511,
175098587,
175098616,
175098629,
175098786,
175098805,
175098822,
175098836,
175098849,
175098959,
175101064,
175101112,
175101416,
175101528,
175101603,
175101649,
175101818,
175101859,
175101954,
175102018,
175102073,
175102145,
175102237,
175102315,
175103240,
175103257,
175103303,
175103342,
175103392,
175103543,
175103607,
175103680,
175103729,
175103813,
175103895,
175103972,
175103999,
175104122,
175104157,
175104182,
175104193,
175104352,
175104390,
175104491,
175104514,
175104599,
175104669,
175109657,
175109724,
175109746,
175109765,
175110653,
175110741,
175111746,
175111956,
175112900,
175112975,
175113192,
175113353,
175113514,
175114290,
175114317,
175114329,
175114360,
175114383,
175114496,
175115409,
175115416,
175115483,
175116212,
175116259,
175116396,
175116454,
175116636,
175119523,
175120077,
175121170,
175121759,
175121817,
175121835,
175121850,
175121872,
175121899,
175121948,
175121978,
175122010,
175122036,
175122091,
175122136,
175122180,
175122199,
175122240,
175122293,
175122404,
175122476,
175122517,
175122565,
175122762,
175122885,
175122980,
175123013,
175123120,
175123219,
175123262,
175123331,
175123392,
175123482,
175123511,
175123544,
175123561,
175123703,
175123796,
175123821,
175123837,
175123927,
175124018,
175124086,
175124113,
175124138,
175124185,
175124235,
175124315,
175124344,
175162351,
175162545,
175162590,
175162748,
175162809,
175162930,
175162993,
175163062,
175163171,
175163236,
175163691,
175163813,
175181839,
175181876,
175181906,
175181935,
175181977,
175182004,
175182023,
175182059,
175182099,
175182130,
175182156,
175182220,
175182279,
175182287,
175182320,
175182361,
175182375,
175182428,
175182497,
175182544,
175182547,
175182550,
175182585,
175182621,
175182703,
175182770,
175182868,
175182900,
175182943,
175182961,
175183096,
175203142,
175203172,
175203208,
175203548,
175203686,
175209029,
175209064,
175209078,
175209140,
175209219,
175209296,
175209330,
175209601,
175209836,
175209864,
175209889,
175209925,
175209957,
175210031,
175210043,
175210047,
175210077,
175210109,
175210144,
175210171,
175210195,
175210243,
175210283,
175210309,
175210335,
175210368,
175237980,
175238051,
175238084,
175238130,
175238141,
175238764,
175239347,
175239361,
175239418,
175239668,
175239808,
175239835,
175239979,
175239992,
175240062,
175240079,
175240088,
175240130,
175240181,
175240198,
175240216,
175240255,
175240283,
175240311,
175240343,
175240360,
175240420,
175240438,
175240447,
175240480,
175240540,
175240611,
175240730,
175240889,
175240917,
175240930,
175241242,
175241255,
175241293,
175241326,
175241338,
175241376,
175241418,
175241442,
175241468,
175241486,
175241503,
175241522,
175241540,
175241550,
175241567,
175241585,
175241596,
175241611,
175241622,
175242017,
175242040,
175242149,
175242177,
175242181,
175242220,
175242288,
175242385,
175242407,
175242421,
175242450,
175242473,
175242492,
175242517,
175242540,
175242559,
175242581,
175242790,
175242813,
175242855,
175242880,
175242918,
175242938,
175242955,
175243012,
175243055,
175243095,
175243135,
175243186,
175247909,
175247990,
175248029,
175248057,
175248142,
175248152,
175248182,
175248202,
175248557,
175248584,
175248632,
175248646,
175248654,
175248683,
175248708,
175248727,
175248743,
175248785,
175248797,
175248818,
175248839,
175248859,
175248868,
175248883,
175248897,
175248909,
175248914,
175248931,
175248942,
175248964,
175249015,
175249031,
175249038,
175249057,
175249066,
175249083,
175249100,
175249117,
175249151,
175249163,
175249174,
175249187,
175249195,
175249427,
175249441,
175249449,
175249459,
175249473,
175249479,
175249504,
175249540,
175249559,
175249565,
175249570,
175249587,
175249597,
175249608,
175249624,
175249662,
175249674,
175249679,
175249693,
175249716,
175249741,
175249769,
175249777,
175249808,
175249822,
175249842,
175249853,
175249867,
175249996,
175250008,
175250033,
175250052,
175250073,
175250092,
175250105,
175250113,
175250125,
175250214,
175250233,
175250261,
175250279,
175250308,
175250328,
175250362,
175250398,
175250404,
175250426,
175250448,
175250474,
175250486,
175250506,
175267975,
175268176,
175268371,
175268413,
175270508,
175270527,
175270555,
175270927,
175270956,
175271002,
175271048,
175271066,
175271108,
175271129,
175271299,
175271330,
175271336,
175271378,
175271394,
175271438,
175271497,
175271521,
175271586,
175271660,
175271726,
175271790,
175271910,
175271947,
175272009,
175272032,
175272038,
175272067,
175272109,
175272160,
175272184,
175272228,
175272297,
175272365,
175272412,
175272459,
175272542,
175272567,
175272591,
175272616,
175272655,
175272709,
175272735,
175272751,
175272804,
175272863,
175272912,
175272929,
175273168,
175273174,
175273176,
175273215,
175273283,
175273327,
175274859,
175274939,
175274966,
175275088,
175275111,
175275142,
175275154,
175275182,
175275233,
175275453,
175275468,
175275489,
175275505,
175275531,
175276971,
175277003,
175277014,
175277025,
175277037,
175277063,
175277081,
175277092,
175277102,
175277106,
175277139,
175277153,
175277165,
175277217,
175278640,
175287398,
175287418,
175287518,
175287927,
175287959,
175287965,
175341783,
175342373,
175342416,
175342428,
175342435,
175342448,
175342464,
175342474,
175342504,
175342553,
175342594,
175342614,
175342629,
175342670,
175342673,
175342700,
175342720,
175342733,
175342797,
175342819,
175342843,
175342925,
175342935,
175342975,
175342989,
175342994,
175343001,
175343020,
175343042,
175343058,
175343068,
175343081,
175343093,
175343133,
175345303,
175345474,
175345872,
175348687,
175350684,
175352320,
175352777,
175353442,
175354616,
175354701,
175354770,
175355112,
175359195,
175359240,
175360076,
175361001,
175361014,
175361950,
175365616,
175365672,
175365795,
175365831,
175369352,
175370094,
175370139,
175370187,
175388705,
175388714,
175389143,
175392233,
175392279,
175400623,
175400717,
175400731,
175401365,
175401551,
175447822,
175449776,
175452360,
175455750,
175455825,
175455937,
175456990,
175457298,
175498665,
175499303,
175499344,
175502105,
175503506,
175505349,
175505526,
175507192,
175507256,
175507895,
175551689,
175551824,
175554173,
175711271,
175711854,
175712174,
175712989,
175714108,
175716661,
175718117,
175718818,
175755446,
175755462,
175756660,
175757320,
175757762,
175763941,
175765030,
175765224,
175765268,
175961472,
175961677,
175998117,
176002134,
176002863,
176002889,
176003078,
176003542,
176003767,
176004824,
176004948,
176005200,
176013013,
176013267,
176035891,
179190113,
179190158,
179190202,
179190221,
179190267,
179190348,
179190377,
179190448,
179190618,
179190680,
179190694,
179190734,
179199709,
179199725,
179199737,
179199748,
179199760,
179199806,
179199964,
179205709,
179206757,
179207792,
179208031,
179208848,
179209734,
179212106,
179212156,
179247766,
179248724,
179249451,
179250335,
179253080,
179253904,
179254912,
179256775,
179267165,
179267418,
179267481,
179267587,
179267664,
179285789,
179285812,
179285932,
179285969,
179291022,
179293944,
179294017,
179309713,
179310006,
179335003,
179336107,
179337184,
179337904,
179340944,
179340982,
179346658,
179348963,
179349043,
179349050,
179351556,
179353093,
179354483,
179354761,
179356083,
179395280,
179400120,
179410711,
179410945,
179461134,
180146097,
180146117,
180148661,
180149529,
180149879,
180306933,
180307023,
180310619,
180310706,
180337465,
180339411,
180339627,
180352867,
180354034,
180356418,
180356635,
180390539,
180391419,
180391513,
180391566,
180391601,
180393556,
180393613,
180401712,
180401727,
180402283,
180402288,
180402326,
180402539,
180402774,
180403146,
180403536,
180408884,
180409040,
180438563,
180440649,
180440724,
180440862,
180460928,
180462692,
180462730,
180487882,
180487940,
180487961,
180488169,
180488187,
180488242,
180504842,
180504848,
180506128,
180506162,
180509448,
180510417,
180670948,
180671051,
180671169,
180671203,
180674246,
180674359,
180674429,
180674549,
180674648,
180723957,
180760055,
180760094,
180809381,
180810853,
180810881,
181047559,
181048219,
181049481,
181050043,
181062973,
181066334,
181066674,
181067124,
181067304,
181067458,
181067647,
181067833,
181067861,
181067923,
181068033,
181068180,
181090766,
181096212,
181096603,
181098837,
181138924,
181140110,
181141963,
181142093,
181142780,
181143055,
181143721,
181145538,
181146862,
181166302,
181166332,
181167102,
181167188,
181186008,
181186109,
181186628,
181186645,
181273199,
181273261,
181341999,
181342004,
181342009,
181342067,
181342218,
181342803,
181342851,
181343104,
181343249,
181343339,
181343402,
181343417,
181343433,
181343599,
181350913,
181352031,
181352127,
181352284,
181353591,
181353619,
181354163,
181354176,
181355939,
181355989,
181358283,
181359955,
181361750,
181361805,
181363952,
181366879,
181367468,
181367675,
181371773,
181371848,
181372422,
181372502,
181373512,
181373929,
181375348,
181377584,
181378297,
181378670,
181379294,
181379421,
181380103,
181381008,
181381307,
181381509,
181382107,
181382484,
181382657,
181383264,
181384072,
181407762,
181407999,
181408359,
181410806,
181411068,
181412517,
181445898,
181451614,
181451691,
181451858,
181451957,
181452175,
181452849,
181453154,
181453217,
181453299,
181456109,
181456169,
181457562,
181457897,
181507048,
181507138,
181524389,
181525145,
181527256,
181527974,
181528287,
181530508,
181531543,
181531566,
181584415,
181585271,
181586075,
181586869,
181586919,
181587772,
181588966,
181589102,
181589153,
181589617,
181594349,
181610575,
181610614,
181611788,
181613302,
181615601,
181616351,
181619188,
181619627,
181620053,
181620188,
181620769,
181620863,
181632249,
181996050,
181996385,
181997679,
181998342,
182001357,
182001562,
182002420,
182002966,
182003387,
182018459,
182018475,
182018585,
182019245,
182019260,
182037070,
182037086,
182037706,
182042015,
182058835,
182059653,
182064715,
182065287,
182066855,
182815435,
182819402,
182819899,
182819987,
182823398,
182823512,
182823600,
182825264,
182825409,
182825474,
182826187,
182826230,
182826904,
182831689,
182831741,
182832633,
182838046,
182838428,
182838451,
182839042,
182839118,
182839368,
182839400,
182839417,
182839512,
182844463,
182844476,
182864312,
182864408,
182864633,
182864638,
182866306,
182867067,
182867107,
182867349,
182867387,
182867539,
182867634,
182867704,
182867753,
182867846,
182867870,
182867884,
182867899,
182867911,
182868703,
182869049,
182869101,
182869135,
182872280,
182873671,
182875766,
182876997,
182880766,
182881784,
182881838,
182882977,
182883052,
182883688,
182884179,
182884596,
182884966,
182885289,
182886275,
182886326,
182886388,
182886779,
182886836,
182886965,
182887022,
182888252,
182922111,
182958371,
182965162,
182965206,
182965805,
182966669,
182971004,
182976325,
182976868,
183007932,
183008273,
183009997,
183010903,
183012568,
183153001,
183153025,
183153084,
183216622,
183216675,
183216688,
183241619,
183259873,
183260261,
183260455,
183263403,
183306868,
183308340,
183338342,
183339330,
183346061,
183346217,
183346454,
183348148,
183354294,
183355008,
183355077,
183355431,
183355755,
183357884,
183358472,
183358607,
183358776,
183359925,
183360505,
183360587,
183361006,
183361196,
183362584,
183362872,
183362922,
183363087,
183363116,
183364182,
183364357,
183364402,
183365115,
183366363,
183366494,
183369471,
183369536,
183369770,
183370134,
183370173,
183635770,
183636006,
183636245,
183636808,
183637319,
183637568,
183640514,
183640705,
183640746,
183640751,
183640759,
183641074,
183641353,
183681476,
183683144,
183683285,
183683978,
183684001,
183684114,
183684311,
183688217,
183688330,
183688361,
183688439,
183688544,
183689015,
183689229,
183689939,
183690137,
183691044,
183691338,
183691345,
183691518,
183692026,
183694666,
183695702,
183697449,
183697589,
183765764,
183766035,
183766452,
183766750,
183766975,
183767175,
183767211,
183767510,
183768032,
183768286,
183768353,
183768412,
183768428,
183768465,
183769375,
183769637,
183769742,
183770003,
183770036,
183770050,
183770372,
183772241,
183772278,
183772327,
183772932,
183772964,
183773041,
183773593,
183773970,
183774248,
183774504,
183775554,
183776258,
183776379,
183776696,
183776875,
183778622,
183778659,
183819184,
183840468,
183856491,
183857082,
183857695,
183858084,
183858654,
183859177,
183859413,
183859673,
183955609,
183955870,
183957640,
183957799,
183957820,
183957875,
183957985,
183958075,
183958138,
183958502,
183958605,
183958619,
183958752,
183959315,
183959643,
183972401,
183973448,
183973580,
184000276,
184000355,
184055032,
184055265,
184055630,
184056151,
184068445,
184068528,
184068557,
184068698,
184069285,
184069359,
184069449,
184069541,
184069595,
184069734,
184069884,
184084933,
184084999,
184085792,
184086327,
184086347,
184086371,
184086480,
184086524,
184086532,
184086675,
184086703,
184086736,
184086819,
184119924,
184121452,
184121471,
184121529,
184121575,
184132764,
184132811,
184133259,
184133789,
184171392,
184171940,
184172344,
184172606,
184173056,
184173534,
184174110,
184174233,
184175246,
184209678,
184209763,
184210122,
184210605,
184210690,
184211606,
184211630,
184261500,
184261514,
184262507,
184264090,
184264092,
184269398,
184269408,
184435030,
184436003,
184436075,
184477740,
184479854,
184480274,
184480641,
184480766,
184482108,
184483129,
184484202,
184484464,
184484522,
184484675,
184484700,
184484973,
184485030,
184485105,
184485614,
184485661,
184486924,
184510561,
184511406,
184516520,
184516655,
184530547,
184532771,
184532816,
184532843,
184536895,
184580855,
184581560,
184586970,
184587007,
184587024,
184637004,
184637036,
184702111,
184730068,
184731462,
184737744,
184738231,
184738863,
184738893,
184738934,
184739251,
184775849,
184776143,
184776380,
184776755,
184776797,
184838995,
184853261,
184853326,
184853403,
184898462,
184898656,
184900706,
184902941,
184905177,
184913979,
184914075,
184914355,
184914972,
184917131,
185024977,
185025066,
185025274,
185129588,
185129887,
185131321,
185131424,
185132582,
185132680,
185138583,
185138826,
185138904,
185140346,
185140467,
185140478,
185140588,
185177079,
185177573,
185177832,
185177860,
185186918,
185187849,
185188202,
185213370,
185245289,
185245567,
185245588,
185245602,
185255776,
185255903,
185256619,
185256696,
185256803,
185317614,
185317862,
185317875,
185317925,
185317939,
185317962,
185317988,
185318010,
185318036,
185318085,
185318133,
185318160,
185318207,
185318253,
185318273,
185318365,
185319085,
185319335,
185319389,
185319399,
185319415,
185319424,
185319813,
185319840,
185320036,
185320070,
185320180,
185320202,
185320431,
185320847,
185320908,
185321112,
185321290,
185321332,
185341732,
185341886,
185399056,
185399232,
185410375,
185415407,
185415587,
185458708,
185459443,
185460838,
185528767,
185534856,
185537201,
185538184,
185538426,
185538478,
185539113,
185539159,
185539214,
185539247,
185539281,
185539326,
185539542,
185539791,
185539921,
185581468,
185581518,
185589668,
185590000,
185635328,
185701236,
185709111,
185709134,
185721229,
185721324,
185722348,
185770966,
185770996,
185771860,
185787173,
185787403,
185787538,
185787700,
185787817,
185788000,
185788297,
185788309,
185788547,
185788796,
185788888,
185789174,
185789320,
185789841,
185790009,
185790243,
185790372,
185790514,
185790645,
185790763,
185791331,
185791594,
185791862,
185792053,
185792175,
185792526,
185792628,
185794293,